0 0 -1 -0.9 0 0.1 207.033 207.033 2.59842e-05 188.262
0 1 -1 -0.9 0.1 0.2 208.117 208.117 4.04051e-05 291.22
0 2 -1 -0.9 0.2 0.3 210.268 210.268 5.05321e-05 360.484
0 3 -1 -0.9 0.3 0.4 213.454 213.454 5.62022e-05 394.949
0 4 -1 -0.9 0.4 0.5 217.629 217.629 5.84556e-05 402.903
0 5 -1 -0.9 0.5 0.6 222.739 222.739 5.83642e-05 393.045
0 6 -1 -0.9 0.6 0.7 228.719 228.719 5.67498e-05 372.18
0 7 -1 -0.9 0.7 0.8 235.505 235.505 5.41951e-05 345.185
0 8 -1 -0.9 0.8 0.9 243.028 243.028 5.10907e-05 315.339
0 9 -1 -0.9 0.9 1 251.222 251.222 4.77248e-05 284.956
1 0 -0.9 -0.8 0 0.1 197.009 197.009 2.74243e-05 208.805
1 1 -0.9 -0.8 0.1 0.2 198.148 198.148 4.36629e-05 330.533
1 2 -0.9 -0.8 0.2 0.3 200.406 200.406 5.50163e-05 411.786
1 3 -0.9 -0.8 0.3 0.4 203.746 203.746 6.12351e-05 450.819
1 4 -0.9 -0.8 0.4 0.5 208.117 208.117 6.3562e-05 458.123
1 5 -0.9 -0.8 0.5 0.6 213.454 213.454 6.32563e-05 444.52
1 6 -0.9 -0.8 0.6 0.7 219.687 219.687 6.1265e-05 418.31
1 7 -0.9 -0.8 0.7 0.8 226.743 226.743 5.82538e-05 385.373
1 8 -0.9 -0.8 0.8 0.9 234.547 234.547 5.46896e-05 349.756
1 9 -0.9 -0.8 0.9 1 243.028 243.028 5.08703e-05 313.978
2 0 -0.8 -0.7 0 0.1 187.65 187.65 2.89078e-05 231.078
2 1 -0.8 -0.7 0.1 0.2 188.845 188.845 4.71298e-05 374.352
2 2 -0.8 -0.7 0.2 0.3 191.213 191.213 5.9801e-05 469.118
2 3 -0.8 -0.7 0.3 0.4 194.711 194.711 6.6583e-05 512.936
2 4 -0.8 -0.7 0.4 0.5 199.28 199.28 6.89516e-05 519.005
2 5 -0.8 -0.7 0.5 0.6 204.848 204.848 6.83721e-05 500.656
2 6 -0.8 -0.7 0.6 0.7 211.335 211.335 6.59413e-05 468.034
2 7 -0.8 -0.7 0.7 0.8 218.661 218.661 6.24242e-05 428.227
2 8 -0.8 -0.7 0.8 0.9 226.743 226.743 5.83367e-05 385.921
2 9 -0.8 -0.7 0.9 1 235.505 235.505 5.40357e-05 344.17
3 0 -0.7 -0.6 0 0.1 179.06 179.06 3.04088e-05 254.737
3 1 -0.7 -0.6 0.1 0.2 180.312 180.312 5.07478e-05 422.166
3 2 -0.7 -0.6 0.2 0.3 182.791 182.791 6.4801e-05 531.763
3 3 -0.7 -0.6 0.3 0.4 186.447 186.447 7.21412e-05 580.389
3 4 -0.7 -0.6 0.4 0.5 191.213 191.213 7.45101e-05 584.505
3 5 -0.7 -0.6 0.5 0.6 197.009 197.009 7.36058e-05 560.425
3 6 -0.7 -0.6 0.6 0.7 203.746 203.746 7.06795e-05 520.349
3 7 -0.7 -0.6 0.7 0.8 211.335 211.335 6.66035e-05 472.734
3 8 -0.7 -0.6 0.8 0.9 219.687 219.687 6.19631e-05 423.077
3 9 -0.7 -0.6 0.9 1 228.719 228.719 5.71382e-05 374.727
4 0 -0.6 -0.5 0 0.1 171.355 171.355 3.1888e-05 279.14
4 1 -0.6 -0.5 0.1 0.2 172.663 172.663 5.44169e-05 472.744
4 2 -0.6 -0.5 0.2 0.3 175.25 175.25 6.98745e-05 598.07
4 3 -0.6 -0.5 0.3 0.4 179.06 179.06 7.77501e-05 651.318
4 4 -0.6 -0.5 0.4 0.5 184.018 184.018 8.00747e-05 652.721
4 5 -0.6 -0.5 0.5 0.6 190.033 190.033 7.87951e-05 621.959
4 6 -0.6 -0.5 0.6 0.7 197.009 197.009 7.53364e-05 573.602
4 7 -0.6 -0.5 0.7 0.8 204.848 204.848 7.06716e-05 517.495
4 8 -0.6 -0.5 0.8 0.9 213.454 213.454 6.54555e-05 459.975
4 9 -0.6 -0.5 0.9 1 222.739 222.739 6.01033e-05 404.757
5 0 -0.5 -0.4 0 0.1 164.659 164.659 3.32916e-05 303.278
5 1 -0.5 -0.4 0.1 0.2 166.02 166.02 5.79895e-05 523.94
5 2 -0.5 -0.4 0.2 0.3 168.708 168.708 7.48132e-05 665.171
5 3 -0.5 -0.4 0.3 0.4 172.663 172.663 8.31789e-05 722.612
5 4 -0.5 -0.4 0.4 0.5 177.799 177.799 8.5419e-05 720.637
5 5 -0.5 -0.4 0.5 0.6 184.018 184.018 8.37351e-05 682.558
5 6 -0.5 -0.4 0.6 0.7 191.213 191.213 7.97251e-05 625.415
5 7 -0.5 -0.4 0.7 0.8 199.28 199.28 7.44735e-05 560.57
5 8 -0.5 -0.4 0.8 0.9 208.117 208.117 6.86884e-05 495.072
5 9 -0.5 -0.4 0.9 1 217.629 217.629 6.28258e-05 433.024
6 0 -0.4 -0.3 0 0.1 159.099 159.099 3.45527e-05 325.766
6 1 -0.4 -0.3 0.1 0.2 160.507 160.507 6.12706e-05 572.598
6 2 -0.4 -0.3 0.2 0.3 163.287 163.287 7.93452e-05 728.889
6 3 -0.4 -0.3 0.3 0.4 167.369 167.369 8.81331e-05 789.867
6 4 -0.4 -0.3 0.4 0.5 172.663 172.663 9.02604e-05 784.132
6 5 -0.4 -0.3 0.5 0.6 179.06 179.06 8.81735e-05 738.636
6 6 -0.4 -0.3 0.6 0.7 186.447 186.447 8.36346e-05 672.855
6 7 -0.4 -0.3 0.7 0.8 194.711 194.711 7.78292e-05 599.574
6 8 -0.4 -0.3 0.8 0.9 203.746 203.746 7.15206e-05 526.542
6 9 -0.4 -0.3 0.9 1 213.454 213.454 6.51882e-05 458.096
7 0 -0.3 -0.2 0 0.1 154.798 154.798 3.55921e-05 344.889
7 1 -0.3 -0.2 0.1 0.2 156.245 156.245 6.40286e-05 614.694
7 2 -0.3 -0.2 0.2 0.3 159.099 159.099 8.31544e-05 783.987
7 3 -0.3 -0.2 0.3 0.4 163.287 163.287 9.22763e-05 847.678
7 4 -0.3 -0.2 0.4 0.5 168.708 168.708 9.42832e-05 838.28
7 5 -0.3 -0.2 0.5 0.6 175.25 175.25 9.18352e-05 786.037
7 6 -0.3 -0.2 0.6 0.7 182.791 182.791 8.68361e-05 712.586
7 7 -0.3 -0.2 0.7 0.8 191.213 191.213 8.05564e-05 631.937
7 8 -0.3 -0.2 0.8 0.9 200.406 200.406 7.38072e-05 552.433
7 9 -0.3 -0.2 0.9 1 210.268 210.268 6.7083e-05 478.555
8 0 -0.2 -0.1 0 0.1 151.863 151.863 3.63364e-05 358.905
8 1 -0.2 -0.1 0.1 0.2 153.338 153.338 6.60252e-05 645.879
8 2 -0.2 -0.1 0.2 0.3 156.245 156.245 8.59157e-05 824.817
8 3 -0.2 -0.1 0.3 0.4 160.507 160.507 9.52735e-05 890.367
8 4 -0.2 -0.1 0.4 0.5 166.02 166.02 9.71785e-05 878.015
8 5 -0.2 -0.1 0.5 0.6 172.663 172.663 9.44561e-05 820.582
8 6 -0.2 -0.1 0.6 0.7 180.312 180.312 8.91145e-05 741.334
8 7 -0.2 -0.1 0.7 0.8 188.845 188.845 8.24863e-05 655.19
8 8 -0.2 -0.1 0.8 0.9 198.148 198.148 7.54169e-05 570.914
8 9 -0.2 -0.1 0.9 1 208.117 208.117 6.84103e-05 493.067
9 0 -0.1 0 0 0.1 150.375 150.375 3.67261e-05 366.347
9 1 -0.1 0 0.1 0.2 151.863 151.863 6.70789e-05 662.558
9 2 -0.1 0 0.2 0.3 154.798 154.798 8.73656e-05 846.576
9 3 -0.1 0 0.3 0.4 159.099 159.099 9.68501e-05 913.111
9 4 -0.1 0 0.4 0.5 164.659 164.659 9.86965e-05 899.101
9 5 -0.1 0 0.5 0.6 171.355 171.355 9.58253e-05 838.832
9 6 -0.1 0 0.6 0.7 179.06 179.06 9.03004e-05 756.454
9 7 -0.1 0 0.7 0.8 187.65 187.65 8.34874e-05 667.366
9 8 -0.1 0 0.8 0.9 197.009 197.009 7.62482e-05 580.544
9 9 -0.1 0 0.9 1 207.033 207.033 6.90943e-05 500.605
10 0 0 0.1 0 0.1 150.375 150.375 3.67261e-05 366.347
10 1 0 0.1 0.1 0.2 151.863 151.863 6.70789e-05 662.558
10 2 0 0.1 0.2 0.3 154.798 154.798 8.73656e-05 846.576
10 3 0 0.1 0.3 0.4 159.099 159.099 9.68501e-05 913.111
10 4 0 0.1 0.4 0.5 164.659 164.659 9.86965e-05 899.101
10 5 0 0.1 0.5 0.6 171.355 171.355 9.58253e-05 838.832
10 6 0 0.1 0.6 0.7 179.06 179.06 9.03004e-05 756.454
10 7 0 0.1 0.7 0.8 187.65 187.65 8.34874e-05 667.366
10 8 0 0.1 0.8 0.9 197.009 197.009 7.62482e-05 580.544
10 9 0 0.1 0.9 1 207.033 207.033 6.90943e-05 500.605
11 0 0.1 0.2 0 0.1 151.863 151.863 3.63364e-05 358.906
11 1 0.1 0.2 0.1 0.2 153.338 153.338 6.60252e-05 645.88
11 2 0.1 0.2 0.2 0.3 156.245 156.245 8.59157e-05 824.818
11 3 0.1 0.2 0.3 0.4 160.507 160.507 9.52735e-05 890.368
11 4 0.1 0.2 0.4 0.5 166.02 166.02 9.71785e-05 878.016
11 5 0.1 0.2 0.5 0.6 172.663 172.663 9.44561e-05 820.582
11 6 0.1 0.2 0.6 0.7 180.312 180.312 8.91145e-05 741.335
11 7 0.1 0.2 0.7 0.8 188.845 188.845 8.24863e-05 655.19
11 8 0.1 0.2 0.8 0.9 198.148 198.148 7.54169e-05 570.914
11 9 0.1 0.2 0.9 1 208.117 208.117 6.84103e-05 493.067
12 0 0.2 0.3 0 0.1 154.798 154.798 3.55921e-05 344.888
12 1 0.2 0.3 0.1 0.2 156.245 156.245 6.40286e-05 614.693
12 2 0.2 0.3 0.2 0.3 159.099 159.099 8.31544e-05 783.986
12 3 0.2 0.3 0.3 0.4 163.287 163.287 9.22763e-05 847.677
12 4 0.2 0.3 0.4 0.5 168.708 168.708 9.42832e-05 838.279
12 5 0.2 0.3 0.5 0.6 175.25 175.25 9.18352e-05 786.037
12 6 0.2 0.3 0.6 0.7 182.791 182.791 8.68361e-05 712.585
12 7 0.2 0.3 0.7 0.8 191.213 191.213 8.05564e-05 631.936
12 8 0.2 0.3 0.8 0.9 200.406 200.406 7.38072e-05 552.433
12 9 0.2 0.3 0.9 1 210.268 210.268 6.7083e-05 478.554
13 0 0.3 0.4 0 0.1 159.099 159.099 3.45527e-05 325.766
13 1 0.3 0.4 0.1 0.2 160.507 160.507 6.12706e-05 572.598
13 2 0.3 0.4 0.2 0.3 163.287 163.287 7.93452e-05 728.89
13 3 0.3 0.4 0.3 0.4 167.369 167.369 8.81331e-05 789.868
13 4 0.3 0.4 0.4 0.5 172.663 172.663 9.02604e-05 784.132
13 5 0.3 0.4 0.5 0.6 179.06 179.06 8.81735e-05 738.637
13 6 0.3 0.4 0.6 0.7 186.447 186.447 8.36346e-05 672.855
13 7 0.3 0.4 0.7 0.8 194.711 194.711 7.78292e-05 599.574
13 8 0.3 0.4 0.8 0.9 203.746 203.746 7.15206e-05 526.542
13 9 0.3 0.4 0.9 1 213.454 213.454 6.51882e-05 458.096
14 0 0.4 0.5 0 0.1 164.659 164.659 3.32916e-05 303.278
14 1 0.4 0.5 0.1 0.2 166.02 166.02 5.79895e-05 523.94
14 2 0.4 0.5 0.2 0.3 168.708 168.708 7.48132e-05 665.171
14 3 0.4 0.5 0.3 0.4 172.663 172.663 8.31789e-05 722.612
14 4 0.4 0.5 0.4 0.5 177.799 177.799 8.5419e-05 720.637
14 5 0.4 0.5 0.5 0.6 184.018 184.018 8.37351e-05 682.558
14 6 0.4 0.5 0.6 0.7 191.213 191.213 7.97251e-05 625.415
14 7 0.4 0.5 0.7 0.8 199.28 199.28 7.44735e-05 560.57
14 8 0.4 0.5 0.8 0.9 208.117 208.117 6.86884e-05 495.072
14 9 0.4 0.5 0.9 1 217.629 217.629 6.28258e-05 433.024
15 0 0.5 0.6 0 0.1 171.355 171.355 3.1888e-05 279.14
15 1 0.5 0.6 0.1 0.2 172.663 172.663 5.44169e-05 472.744
15 2 0.5 0.6 0.2 0.3 175.25 175.25 6.98745e-05 598.07
15 3 0.5 0.6 0.3 0.4 179.06 179.06 7.77501e-05 651.318
15 4 0.5 0.6 0.4 0.5 184.018 184.018 8.00747e-05 652.721
15 5 0.5 0.6 0.5 0.6 190.033 190.033 7.87951e-05 621.959
15 6 0.5 0.6 0.6 0.7 197.009 197.009 7.53364e-05 573.602
15 7 0.5 0.6 0.7 0.8 204.848 204.848 7.06716e-05 517.495
15 8 0.5 0.6 0.8 0.9 213.454 213.454 6.54555e-05 459.975
15 9 0.5 0.6 0.9 1 222.739 222.739 6.01033e-05 404.757
16 0 0.6 0.7 0 0.1 179.06 179.06 3.04088e-05 254.737
16 1 0.6 0.7 0.1 0.2 180.312 180.312 5.07478e-05 422.166
16 2 0.6 0.7 0.2 0.3 182.791 182.791 6.4801e-05 531.764
16 3 0.6 0.7 0.3 0.4 186.447 186.447 7.21412e-05 580.389
16 4 0.6 0.7 0.4 0.5 191.213 191.213 7.45101e-05 584.505
16 5 0.6 0.7 0.5 0.6 197.009 197.009 7.36058e-05 560.426
16 6 0.6 0.7 0.6 0.7 203.746 203.746 7.06794e-05 520.349
16 7 0.6 0.7 0.7 0.8 211.335 211.335 6.66035e-05 472.734
16 8 0.6 0.7 0.8 0.9 219.687 219.687 6.19631e-05 423.077
16 9 0.6 0.7 0.9 1 228.719 228.719 5.71382e-05 374.727
17 0 0.7 0.8 0 0.1 187.65 187.65 2.89078e-05 231.078
17 1 0.7 0.8 0.1 0.2 188.845 188.845 4.71298e-05 374.352
17 2 0.7 0.8 0.2 0.3 191.213 191.213 5.9801e-05 469.117
17 3 0.7 0.8 0.3 0.4 194.711 194.711 6.6583e-05 512.935
17 4 0.7 0.8 0.4 0.5 199.28 199.28 6.89516e-05 519.005
17 5 0.7 0.8 0.5 0.6 204.848 204.848 6.83721e-05 500.656
17 6 0.7 0.8 0.6 0.7 211.335 211.335 6.59413e-05 468.033
17 7 0.7 0.8 0.7 0.8 218.661 218.661 6.24242e-05 428.226
17 8 0.7 0.8 0.8 0.9 226.743 226.743 5.83367e-05 385.921
17 9 0.7 0.8 0.9 1 235.505 235.505 5.40357e-05 344.169
18 0 0.8 0.9 0 0.1 197.009 197.009 2.74243e-05 208.805
18 1 0.8 0.9 0.1 0.2 198.148 198.148 4.36629e-05 330.533
18 2 0.8 0.9 0.2 0.3 200.406 200.406 5.50163e-05 411.787
18 3 0.8 0.9 0.3 0.4 203.746 203.746 6.12351e-05 450.819
18 4 0.8 0.9 0.4 0.5 208.117 208.117 6.3562e-05 458.124
18 5 0.8 0.9 0.5 0.6 213.454 213.454 6.32563e-05 444.52
18 6 0.8 0.9 0.6 0.7 219.687 219.687 6.1265e-05 418.31
18 7 0.8 0.9 0.7 0.8 226.743 226.743 5.82538e-05 385.373
18 8 0.8 0.9 0.8 0.9 234.547 234.547 5.46896e-05 349.756
18 9 0.8 0.9 0.9 1 243.028 243.028 5.08703e-05 313.978
19 0 0.9 1 0 0.1 207.033 207.033 2.59842e-05 188.262
19 1 0.9 1 0.1 0.2 208.117 208.117 4.04051e-05 291.22
19 2 0.9 1 0.2 0.3 210.268 210.268 5.05321e-05 360.484
19 3 0.9 1 0.3 0.4 213.454 213.454 5.62022e-05 394.949
19 4 0.9 1 0.4 0.5 217.629 217.629 5.84556e-05 402.903
19 5 0.9 1 0.5 0.6 222.739 222.739 5.83642e-05 393.045
19 6 0.9 1 0.6 0.7 228.719 228.719 5.67498e-05 372.18
19 7 0.9 1 0.7 0.8 235.505 235.505 5.41951e-05 345.185
19 8 0.9 1 0.8 0.9 243.028 243.028 5.10907e-05 315.339
19 9 0.9 1 0.9 1 251.222 251.222 4.77248e-05 284.956
