0 0 -1 -0.9 0 0.1 276.043 276.043 2.02144e-05 146.458
0 1 -1 -0.9 0.1 0.2 277.489 277.489 2.86474e-05 206.476
0 2 -1 -0.9 0.2 0.3 280.357 280.357 3.35542e-05 239.368
0 3 -1 -0.9 0.3 0.4 284.605 284.605 3.55966e-05 250.147
0 4 -1 -0.9 0.4 0.5 290.172 290.172 3.57372e-05 246.317
0 5 -1 -0.9 0.5 0.6 296.985 296.985 3.47103e-05 233.751
0 6 -1 -0.9 0.6 0.7 304.959 304.959 3.29924e-05 216.372
0 7 -1 -0.9 0.7 0.8 314.006 314.006 3.09118e-05 196.887
0 8 -1 -0.9 0.8 0.9 324.037 324.037 2.86753e-05 176.988
0 9 -1 -0.9 0.9 1 334.963 334.963 2.64156e-05 157.723
1 0 -0.9 -0.8 0 0.1 262.679 262.679 2.14903e-05 163.624
1 1 -0.9 -0.8 0.1 0.2 264.197 264.197 3.10866e-05 235.329
1 2 -0.9 -0.8 0.2 0.3 267.208 267.208 3.66243e-05 274.126
1 3 -0.9 -0.8 0.3 0.4 271.662 271.662 3.88534e-05 286.042
1 4 -0.9 -0.8 0.4 0.5 277.489 277.489 3.89139e-05 280.472
1 5 -0.9 -0.8 0.5 0.6 284.605 284.605 3.76637e-05 264.673
1 6 -0.9 -0.8 0.6 0.7 292.916 292.916 3.56664e-05 243.526
1 7 -0.9 -0.8 0.7 0.8 302.324 302.324 3.32749e-05 220.127
1 8 -0.9 -0.8 0.8 0.9 312.73 312.73 3.07274e-05 196.511
1 9 -0.9 -0.8 0.9 1 324.037 324.037 2.8179e-05 173.925
2 0 -0.8 -0.7 0 0.1 250.2 250.2 2.28108e-05 182.34
2 1 -0.8 -0.7 0.1 0.2 251.794 251.794 3.36878e-05 267.583
2 2 -0.8 -0.7 0.2 0.3 254.951 254.951 3.99046e-05 313.038
2 3 -0.8 -0.7 0.3 0.4 259.615 259.615 4.2317e-05 325.998
2 4 -0.8 -0.7 0.4 0.5 265.707 265.707 4.22686e-05 318.16
2 5 -0.8 -0.7 0.5 0.6 273.13 273.13 4.07554e-05 298.433
2 6 -0.8 -0.7 0.6 0.7 281.78 281.78 3.84265e-05 272.741
2 7 -0.8 -0.7 0.7 0.8 291.548 291.548 3.56965e-05 244.876
2 8 -0.8 -0.7 0.8 0.9 302.324 302.324 3.28182e-05 217.106
2 9 -0.8 -0.7 0.9 1 314.006 314.006 2.99587e-05 190.816
3 0 -0.7 -0.6 0 0.1 238.747 238.747 2.41512e-05 202.316
3 1 -0.7 -0.6 0.1 0.2 240.416 240.416 3.64056e-05 302.855
3 2 -0.7 -0.6 0.2 0.3 243.721 243.721 4.33366e-05 355.624
3 3 -0.7 -0.6 0.3 0.4 248.596 248.596 4.59222e-05 369.452
3 4 -0.7 -0.6 0.4 0.5 254.951 254.951 4.57336e-05 358.764
3 5 -0.7 -0.6 0.5 0.6 262.678 262.678 4.39207e-05 334.406
3 6 -0.7 -0.6 0.6 0.7 271.662 271.662 4.12256e-05 303.507
3 7 -0.7 -0.6 0.7 0.8 281.78 281.78 3.81183e-05 270.553
3 8 -0.7 -0.6 0.8 0.9 292.916 292.916 3.48928e-05 238.244
3 9 -0.7 -0.6 0.9 1 304.959 304.959 3.17136e-05 207.986
4 0 -0.6 -0.5 0 0.1 228.473 228.473 2.54686e-05 222.946
4 1 -0.6 -0.5 0.1 0.2 230.217 230.217 3.91521e-05 340.132
4 2 -0.6 -0.5 0.2 0.3 233.666 233.666 4.68114e-05 400.669
4 3 -0.6 -0.5 0.3 0.4 238.747 238.747 4.95625e-05 415.189
4 4 -0.6 -0.5 0.4 0.5 245.357 245.357 4.92061e-05 401.098
4 5 -0.6 -0.5 0.5 0.6 253.377 253.377 4.70641e-05 371.495
4 6 -0.6 -0.5 0.6 0.7 262.678 262.678 4.39787e-05 334.848
4 7 -0.6 -0.5 0.7 0.8 273.13 273.13 4.04772e-05 296.396
4 8 -0.6 -0.5 0.8 0.9 284.605 284.605 3.68843e-05 259.197
4 9 -0.6 -0.5 0.9 1 296.985 296.985 3.33922e-05 224.875
5 0 -0.5 -0.4 0 0.1 219.545 219.545 2.67205e-05 243.417
5 1 -0.5 -0.4 0.1 0.2 221.359 221.359 4.18236e-05 377.88
5 2 -0.5 -0.4 0.2 0.3 224.944 224.944 5.01828e-05 446.179
5 3 -0.5 -0.4 0.3 0.4 230.217 230.217 5.3066e-05 461.008
5 4 -0.5 -0.4 0.4 0.5 237.065 237.065 5.25403e-05 443.256
5 5 -0.5 -0.4 0.5 0.6 245.357 245.357 5.0059e-05 408.051
5 6 -0.5 -0.4 0.6 0.7 254.951 254.951 4.65772e-05 365.382
5 7 -0.5 -0.4 0.7 0.8 265.707 265.707 4.26829e-05 321.279
5 8 -0.5 -0.4 0.8 0.9 277.489 277.489 3.87296e-05 279.144
5 9 -0.5 -0.4 0.9 1 290.172 290.172 3.49229e-05 240.704
6 0 -0.4 -0.3 0 0.1 212.132 212.132 2.78454e-05 262.529
6 1 -0.4 -0.3 0.1 0.2 214.009 214.009 4.42759e-05 413.776
6 2 -0.4 -0.3 0.2 0.3 217.715 217.715 5.32764e-05 489.413
6 3 -0.4 -0.3 0.3 0.4 223.159 223.159 5.62613e-05 504.225
6 4 -0.4 -0.3 0.4 0.5 230.217 230.217 5.55426e-05 482.523
6 5 -0.4 -0.3 0.5 0.6 238.747 238.747 5.27511e-05 441.9
6 6 -0.4 -0.3 0.6 0.7 248.596 248.596 4.88939e-05 393.36
6 7 -0.4 -0.3 0.7 0.8 259.615 259.615 4.4632e-05 343.832
6 8 -0.4 -0.3 0.8 0.9 271.662 271.662 4.03469e-05 297.038
6 9 -0.4 -0.3 0.9 1 284.605 284.605 3.62529e-05 254.76
7 0 -0.3 -0.2 0 0.1 206.398 206.398 2.87759e-05 278.84
7 1 -0.3 -0.2 0.1 0.2 208.327 208.327 4.63384e-05 444.863
7 2 -0.3 -0.2 0.2 0.3 212.132 212.132 5.58725e-05 526.771
7 3 -0.3 -0.2 0.3 0.4 217.715 217.715 5.89332e-05 541.378
7 4 -0.3 -0.2 0.4 0.5 224.944 224.944 5.80372e-05 516.014
7 5 -0.3 -0.2 0.5 0.6 233.666 233.666 5.49591e-05 470.406
7 6 -0.3 -0.2 0.6 0.7 243.721 243.721 5.07917e-05 416.802
7 7 -0.3 -0.2 0.7 0.8 254.951 254.951 4.62175e-05 362.56
7 8 -0.3 -0.2 0.8 0.9 267.208 267.208 4.1653e-05 311.765
7 9 -0.3 -0.2 0.9 1 280.357 280.357 3.73201e-05 266.233
8 0 -0.2 -0.1 0 0.1 202.485 202.485 2.94441e-05 290.828
8 1 -0.2 -0.1 0.1 0.2 204.45 204.45 4.78381e-05 467.968
8 2 -0.2 -0.1 0.2 0.3 208.327 208.327 5.7758e-05 554.494
8 3 -0.2 -0.1 0.3 0.4 214.009 214.009 6.08629e-05 568.787
8 4 -0.2 -0.1 0.4 0.5 221.359 221.359 5.98327e-05 540.593
8 5 -0.2 -0.1 0.5 0.6 230.217 230.217 5.65376e-05 491.167
8 6 -0.2 -0.1 0.6 0.7 240.416 240.416 5.21428e-05 433.77
8 7 -0.2 -0.1 0.7 0.8 251.794 251.794 4.73402e-05 376.023
8 8 -0.2 -0.1 0.8 0.9 264.197 264.197 4.25727e-05 322.28
8 9 -0.2 -0.1 0.9 1 277.489 277.489 3.80678e-05 274.374
9 0 -0.1 0 0 0.1 200.499 200.499 2.97941e-05 297.199
9 1 -0.1 0 0.1 0.2 202.485 202.485 4.86297e-05 480.33
9 2 -0.1 0 0.2 0.3 206.398 206.398 5.87523e-05 569.312
9 3 -0.1 0 0.3 0.4 212.132 212.132 6.18779e-05 583.39
9 4 -0.1 0 0.4 0.5 219.545 219.545 6.07741e-05 553.637
9 5 -0.1 0 0.5 0.6 228.473 228.473 5.73622e-05 502.136
9 6 -0.1 0 0.6 0.7 238.747 238.747 5.28461e-05 442.696
9 7 -0.1 0 0.7 0.8 250.2 250.2 4.79225e-05 383.074
9 8 -0.1 0 0.8 0.9 262.679 262.679 4.30482e-05 327.763
9 9 -0.1 0 0.9 1 276.043 276.043 3.84532e-05 278.602
10 0 0 0.1 0 0.1 200.499 200.499 2.97941e-05 297.199
10 1 0 0.1 0.1 0.2 202.485 202.485 4.86297e-05 480.33
10 2 0 0.1 0.2 0.3 206.398 206.398 5.87523e-05 569.312
10 3 0 0.1 0.3 0.4 212.132 212.132 6.18779e-05 583.39
10 4 0 0.1 0.4 0.5 219.545 219.545 6.07741e-05 553.637
10 5 0 0.1 0.5 0.6 228.473 228.473 5.73622e-05 502.136
10 6 0 0.1 0.6 0.7 238.747 238.747 5.28461e-05 442.696
10 7 0 0.1 0.7 0.8 250.2 250.2 4.79225e-05 383.074
10 8 0 0.1 0.8 0.9 262.679 262.679 4.30482e-05 327.763
10 9 0 0.1 0.9 1 276.043 276.043 3.84532e-05 278.602
11 0 0.1 0.2 0 0.1 202.485 202.485 2.94441e-05 290.828
11 1 0.1 0.2 0.1 0.2 204.45 204.45 4.78381e-05 467.968
11 2 0.1 0.2 0.2 0.3 208.327 208.327 5.7758e-05 554.495
11 3 0.1 0.2 0.3 0.4 214.009 214.009 6.08629e-05 568.787
11 4 0.1 0.2 0.4 0.5 221.359 221.359 5.98327e-05 540.594
11 5 0.1 0.2 0.5 0.6 230.217 230.217 5.65376e-05 491.167
11 6 0.1 0.2 0.6 0.7 240.416 240.416 5.21428e-05 433.771
11 7 0.1 0.2 0.7 0.8 251.794 251.794 4.73402e-05 376.024
11 8 0.1 0.2 0.8 0.9 264.197 264.197 4.25727e-05 322.28
11 9 0.1 0.2 0.9 1 277.489 277.489 3.80678e-05 274.374
12 0 0.2 0.3 0 0.1 206.398 206.398 2.87759e-05 278.839
12 1 0.2 0.3 0.1 0.2 208.327 208.327 4.63384e-05 444.862
12 2 0.2 0.3 0.2 0.3 212.132 212.132 5.58725e-05 526.771
12 3 0.2 0.3 0.3 0.4 217.715 217.715 5.89332e-05 541.378
12 4 0.2 0.3 0.4 0.5 224.944 224.944 5.80372e-05 516.013
12 5 0.2 0.3 0.5 0.6 233.666 233.666 5.49591e-05 470.406
12 6 0.2 0.3 0.6 0.7 243.721 243.721 5.07917e-05 416.802
12 7 0.2 0.3 0.7 0.8 254.951 254.951 4.62175e-05 362.56
12 8 0.2 0.3 0.8 0.9 267.208 267.208 4.1653e-05 311.765
12 9 0.2 0.3 0.9 1 280.357 280.357 3.73201e-05 266.233
13 0 0.3 0.4 0 0.1 212.132 212.132 2.78454e-05 262.529
13 1 0.3 0.4 0.1 0.2 214.009 214.009 4.42759e-05 413.776
13 2 0.3 0.4 0.2 0.3 217.715 217.715 5.32764e-05 489.413
13 3 0.3 0.4 0.3 0.4 223.159 223.159 5.62613e-05 504.226
13 4 0.3 0.4 0.4 0.5 230.217 230.217 5.55426e-05 482.523
13 5 0.3 0.4 0.5 0.6 238.747 238.747 5.27511e-05 441.9
13 6 0.3 0.4 0.6 0.7 248.596 248.596 4.88939e-05 393.36
13 7 0.3 0.4 0.7 0.8 259.615 259.615 4.4632e-05 343.832
13 8 0.3 0.4 0.8 0.9 271.662 271.662 4.03469e-05 297.038
13 9 0.3 0.4 0.9 1 284.605 284.605 3.62529e-05 254.76
14 0 0.4 0.5 0 0.1 219.545 219.545 2.67205e-05 243.417
14 1 0.4 0.5 0.1 0.2 221.359 221.359 4.18236e-05 377.88
14 2 0.4 0.5 0.2 0.3 224.944 224.944 5.01828e-05 446.179
14 3 0.4 0.5 0.3 0.4 230.217 230.217 5.3066e-05 461.008
14 4 0.4 0.5 0.4 0.5 237.065 237.065 5.25403e-05 443.256
14 5 0.4 0.5 0.5 0.6 245.357 245.357 5.0059e-05 408.051
14 6 0.4 0.5 0.6 0.7 254.951 254.951 4.65772e-05 365.382
14 7 0.4 0.5 0.7 0.8 265.707 265.707 4.26829e-05 321.279
14 8 0.4 0.5 0.8 0.9 277.489 277.489 3.87296e-05 279.144
14 9 0.4 0.5 0.9 1 290.172 290.172 3.49229e-05 240.704
15 0 0.5 0.6 0 0.1 228.473 228.473 2.54686e-05 222.946
15 1 0.5 0.6 0.1 0.2 230.217 230.217 3.91521e-05 340.132
15 2 0.5 0.6 0.2 0.3 233.666 233.666 4.68114e-05 400.669
15 3 0.5 0.6 0.3 0.4 238.747 238.747 4.95625e-05 415.189
15 4 0.5 0.6 0.4 0.5 245.357 245.357 4.92061e-05 401.098
15 5 0.5 0.6 0.5 0.6 253.377 253.377 4.70641e-05 371.495
15 6 0.5 0.6 0.6 0.7 262.678 262.678 4.39787e-05 334.848
15 7 0.5 0.6 0.7 0.8 273.13 273.13 4.04772e-05 296.396
15 8 0.5 0.6 0.8 0.9 284.605 284.605 3.68843e-05 259.197
15 9 0.5 0.6 0.9 1 296.985 296.985 3.33922e-05 224.875
16 0 0.6 0.7 0 0.1 238.747 238.747 2.41512e-05 202.317
16 1 0.6 0.7 0.1 0.2 240.416 240.416 3.64056e-05 302.855
16 2 0.6 0.7 0.2 0.3 243.721 243.721 4.33366e-05 355.624
16 3 0.6 0.7 0.3 0.4 248.596 248.596 4.59222e-05 369.452
16 4 0.6 0.7 0.4 0.5 254.951 254.951 4.57336e-05 358.764
16 5 0.6 0.7 0.5 0.6 262.679 262.679 4.39207e-05 334.406
16 6 0.6 0.7 0.6 0.7 271.662 271.662 4.12256e-05 303.507
16 7 0.6 0.7 0.7 0.8 281.78 281.78 3.81183e-05 270.553
16 8 0.6 0.7 0.8 0.9 292.916 292.916 3.48928e-05 238.244
16 9 0.6 0.7 0.9 1 304.959 304.959 3.17136e-05 207.986
17 0 0.7 0.8 0 0.1 250.2 250.2 2.28108e-05 182.34
17 1 0.7 0.8 0.1 0.2 251.794 251.794 3.36878e-05 267.582
17 2 0.7 0.8 0.2 0.3 254.951 254.951 3.99046e-05 313.038
17 3 0.7 0.8 0.3 0.4 259.615 259.615 4.2317e-05 325.997
17 4 0.7 0.8 0.4 0.5 265.707 265.707 4.22686e-05 318.16
17 5 0.7 0.8 0.5 0.6 273.13 273.13 4.07554e-05 298.432
17 6 0.7 0.8 0.6 0.7 281.78 281.78 3.84265e-05 272.74
17 7 0.7 0.8 0.7 0.8 291.548 291.548 3.56965e-05 244.876
17 8 0.7 0.8 0.8 0.9 302.324 302.324 3.28182e-05 217.106
17 9 0.7 0.8 0.9 1 314.006 314.006 2.99587e-05 190.816
18 0 0.8 0.9 0 0.1 262.678 262.678 2.14903e-05 163.624
18 1 0.8 0.9 0.1 0.2 264.197 264.197 3.10866e-05 235.329
18 2 0.8 0.9 0.2 0.3 267.208 267.208 3.66243e-05 274.126
18 3 0.8 0.9 0.3 0.4 271.662 271.662 3.88534e-05 286.042
18 4 0.8 0.9 0.4 0.5 277.489 277.489 3.89139e-05 280.472
18 5 0.8 0.9 0.5 0.6 284.605 284.605 3.76637e-05 264.673
18 6 0.8 0.9 0.6 0.7 292.916 292.916 3.56664e-05 243.526
18 7 0.8 0.9 0.7 0.8 302.324 302.324 3.32749e-05 220.127
18 8 0.8 0.9 0.8 0.9 312.73 312.73 3.07274e-05 196.511
18 9 0.8 0.9 0.9 1 324.037 324.037 2.8179e-05 173.925
19 0 0.9 1 0 0.1 276.043 276.043 2.02144e-05 146.458
19 1 0.9 1 0.1 0.2 277.489 277.489 2.86474e-05 206.476
19 2 0.9 1 0.2 0.3 280.357 280.357 3.35542e-05 239.368
19 3 0.9 1 0.3 0.4 284.605 284.605 3.55966e-05 250.147
19 4 0.9 1 0.4 0.5 290.172 290.172 3.57372e-05 246.317
19 5 0.9 1 0.5 0.6 296.985 296.985 3.47103e-05 233.751
19 6 0.9 1 0.6 0.7 304.959 304.959 3.29924e-05 216.372
19 7 0.9 1 0.7 0.8 314.006 314.006 3.09118e-05 196.887
19 8 0.9 1 0.8 0.9 324.037 324.037 2.86753e-05 176.988
19 9 0.9 1 0.9 1 334.963 334.963 2.64156e-05 157.723
