1 4.979
1.101 5.534
1.301 6.631
1.502 7.712
1.803 9.309
2.103 10.88
2.604 13.46
3.104 15.99
3.604 18.48
4.104 20.95
4.604 23.39
5.105 25.81
5.605 28.21
6.105 30.59
7.105 35.31
8.105 39.98
9.105 44.61
10.11 49.2
12.11 58.27
14.11 67.24
17.11 80.51
20.11 93.6
25.11 115.1
30.11 136.2
35.11 157.1
40.11 177.6
45.11 197.9
50.11 218
55.11 237.9
60.11 257.5
70.11 296.3
80.11 334.3
90.11 371.7
100.1 408.4
120.1 480
140.1 549.5
170.1 649.8
200.1 745.9
250.1 897.7
300.1 1040
350.1 1175
400.1 1302
450.1 1423
500.1 1538
550.1 1647
600.1 1752
700.1 1948
800.1 2129
900.1 2296
1000 2453
1200 2737
1400 2990
1700 3324
2000 3616
2500 4032
3000 4384
3500 4688
4000 4957
4500 5197
5000 5413
5500 5611
6000 5792
7000 6117
8000 6400
9000 6651
10000 6877
12000 7270
14000 7603
17000 8025
20000 8379
25000 8866
30000 9264
35000 9601
40000 9894
45000 10150
50000 10380
55000 10590
60000 10780
70000 11120
80000 11410
90000 11660
100000 11890
120000 12290
140000 12630
170000 13050
200000 13400
250000 13890
300000 14290
350000 14630
400000 14920
450000 15180
500000 15410
550000 15620
600000 15810
700000 16140
800000 16440
900000 16690
1000000 16930
